%YAML:1.0
---
cameraMatrixLeft: !!opencv-matrix
   rows: 3
   cols: 3
   dt: d
   data: [ 1.0839919381839150e+03, 0., 4.6745595156854023e+02, 0.,
       1.0857712323056021e+03, 2.8306968193377634e+02, 0., 0., 1. ]
distCoeffsLeft: !!opencv-matrix
   rows: 1
   cols: 5
   dt: d
   data: [ -5.0843311604069361e-03, -1.8368953208691963e-02,
       -8.8110954345852767e-04, 7.0017116068800422e-04,
       6.8594696191155513e-01 ]
cameraMatrixRight: !!opencv-matrix
   rows: 3
   cols: 3
   dt: d
   data: [ 1.0654588640013258e+03, 0., 4.8046769579886563e+02, 0.,
       1.0685873695619582e+03, 2.7669986073564974e+02, 0., 0., 1. ]
distCoeffsRight: !!opencv-matrix
   rows: 1
   cols: 5
   dt: d
   data: [ -1.7957249510347412e-02, 9.6539178529852240e-04,
       -6.1271406513698282e-04, 1.2559945908479746e-03,
       2.9960203175772204e-01 ]
R: !!opencv-matrix
   rows: 3
   cols: 3
   dt: d
   data: [ 9.9993859601649493e-01, -9.1559130773390344e-03,
       -6.2428721179575352e-03, 9.1260340700871651e-03,
       9.9994684638846121e-01, -4.7979057850970497e-03,
       6.2864694950797179e-03, 4.7406385109256648e-03,
       9.9996900284348622e-01 ]
T: !!opencv-matrix
   rows: 3
   cols: 1
   dt: d
   data: [ -4.2437146764134877e+00, -1.9612575571162631e-02,
       -1.0602776599011785e+00 ]
E: !!opencv-matrix
   rows: 3
   cols: 3
   dt: d
   data: [ 9.5528361899623881e-03, 1.0601283261832697e+00,
       -2.4699079955337041e-02, -1.0335345717701436e+00,
       2.9825727316285855e-02, 4.2502023111657534e+00,
       -1.9116913439782647e-02, -4.2436686786892484e+00,
       2.0238504395070980e-02 ]
F: !!opencv-matrix
   rows: 3
   cols: 3
   dt: d
   data: [ 1.4131238764668476e-07, 1.5656477713878167e-05,
       -4.8939857826396519e-03, -1.5244021841249526e-05,
       4.3919088532933905e-07, 7.4954833484775191e-02,
       3.8488204405422279e-03, -7.4418938110881072e-02, 1. ]
