%YAML:1.0
---
cameraMatrixLeft: !!opencv-matrix
   rows: 3
   cols: 3
   dt: d
   data: [ 1072.266114, 0.,952.8999763, 0.,
       1070.783846, 465.4589323, 0., 0., 1. ]
distCoeffsLeft: !!opencv-matrix
   rows: 1
   cols: 5
   dt: d
   data: [-0.0,    0.0,   -0.0,    0.0,   -0.0]
cameraMatrixRight: !!opencv-matrix
   rows: 3
   cols: 3
   dt: d
   data: [1067.574822, 0., 947.4702016, 0.,
       1070.950964, 563.6792779, 0., 0., 1. ]
distCoeffsRight: !!opencv-matrix
   rows: 1
   cols: 5
   dt: d
   data: [-0.0188,    0.0,   -0.0,    0.0,   -0.0]
R: !!opencv-matrix
   rows: 3
   cols: 3
   dt: d
   data: [0.9986222066, -0.05180361675, 0.008371007299, 0.05234554852, 0.9946149273, -0.08944881201, -0.003692156839, 0.08976375499, 0.9959562421]
T: !!opencv-matrix
   rows: 3
   cols: 1
   dt: d
   data: [-107.4607462, -6.14743703, -1.623320284]
E: !!opencv-matrix
   rows: 3
   cols: 3
   dt: d
   data: [ 9.5528361899623881e-03, 1.0601283261832697e+00,
       -2.4699079955337041e-02, -1.0335345717701436e+00,
       2.9825727316285855e-02, 4.2502023111657534e+00,
       -1.9116913439782647e-02, -4.2436686786892484e+00,
       2.0238504395070980e-02 ]
F: !!opencv-matrix
   rows: 3
   cols: 3
   dt: d
   data: [ 1.4131238764668476e-07, 1.5656477713878167e-05,
       -4.8939857826396519e-03, -1.5244021841249526e-05,
       4.3919088532933905e-07, 7.4954833484775191e-02,
       3.8488204405422279e-03, -7.4418938110881072e-02, 1. ]
