%YAML:1.0
---
cameraMatrixLeft: !!opencv-matrix
   rows: 3
   cols: 3
   dt: d
   data: [ 1.1111338827849895e+03, 0., 4.6910249612106492e+02, 0.,
       1.1113677952591684e+03, 2.7145216581097014e+02, 0., 0., 1. ]
distCoeffsLeft: !!opencv-matrix
   rows: 1
   cols: 5
   dt: d
   data: [ -1.7741684046100069e-02, 2.0726292225106063e-01,
       -9.7277694441937415e-04, 5.5771677047712219e-04,
       -2.8489261298961521e-01 ]
cameraMatrixRight: !!opencv-matrix
   rows: 3
   cols: 3
   dt: d
   data: [ 1.1118134686071489e+03, 0., 4.7169616297606331e+02, 0.,
       1.1122336806027224e+03, 2.6107282503770119e+02, 0., 0., 1. ]
distCoeffsRight: !!opencv-matrix
   rows: 1
   cols: 5
   dt: d
   data: [ 1.4607423179501704e-03, 4.0409876123549723e-02,
       -2.7554369476120516e-04, 9.8260349990851288e-04,
       7.1160083206434327e-02 ]
R: !!opencv-matrix
   rows: 3
   cols: 3
   dt: d
   data: [ 9.9995531360886314e-01, -7.9813620755688156e-03,
       -5.0664232767210268e-03, 7.9707379331781843e-03,
       9.9996599920384988e-01, -2.1137107291940033e-03,
       5.0831213049486778e-03, 2.0732331428923588e-03,
       9.9998493167753999e-01 ]
T: !!opencv-matrix
   rows: 3
   cols: 1
   dt: d
   data: [ -3.5923388136533250e+00, 1.3745691998531040e-02,
       -1.4418043386716878e-01 ]
E: !!opencv-matrix
   rows: 3
   cols: 3
   dt: d
   data: [ 1.2190954732961264e-03, 1.4420402964185136e-01,
       1.3440729144006689e-02, -1.2591369700563143e-01,
       8.5985121358711693e-03, 3.5930151622398876e+00,
       -4.2378669003976820e-02, -3.5921069619288004e+00,
       7.6628065872150859e-03 ]
F: !!opencv-matrix
   rows: 3
   cols: 3
   dt: d
   data: [ 1.7306605006102929e-08, 2.0467280563559617e-06,
       -3.5169389979558449e-04, -1.7868291436311621e-06,
       1.2199497533053636e-07, 5.7459731312743276e-02,
       -2.1055892961373491e-04, -5.7681733374861197e-02,
       9.9999999999999989e-01 ]
