%YAML:1.0
---
cameraMatrixLeft: !!opencv-matrix
   rows: 3
   cols: 3
   dt: d
   data: [ 1.0894501925528032e+03, 0., 4.9181601793408817e+02, 0.,
       1.0921913689793371e+03, 1.6369142768566923e+02, 0., 0., 1. ]
distCoeffsLeft: !!opencv-matrix
   rows: 1
   cols: 5
   dt: d
   data: [ -3.9029645485325101e-02, 3.4000722946489542e-01,
       -4.8186962006729492e-02, 1.5171129261945479e-02,
       5.9093581101821047e-01 ]
cameraMatrixRight: !!opencv-matrix
   rows: 3
   cols: 3
   dt: d
   data: [ 1.0986378406994038e+03, 0., 4.2230179100409492e+02, 0.,
       1.0871631080629643e+03, 1.8615401903272493e+02, 0., 0., 1. ]
distCoeffsRight: !!opencv-matrix
   rows: 1
   cols: 5
   dt: d
   data: [ -1.8813660811354860e-01, 4.0391448620563315e+00,
       -3.7296257573117629e-02, -1.1328746852072386e-02,
       -2.3549554218500731e+01 ]
R: !!opencv-matrix
   rows: 3
   cols: 3
   dt: d
   data: [ 9.9736417851092107e-01, -2.6548285720985744e-03,
       7.2509635969907338e-02, 2.3664606755780873e-03,
       9.9998894759691548e-01, 4.0625789696281840e-03,
       -7.2519620014908054e-02, -3.8802795345556917e-03,
       9.9735943778741432e-01 ]
T: !!opencv-matrix
   rows: 3
   cols: 1
   dt: d
   data: [ -9.2886511055686896e+00, -7.3764348362262866e-01,
       4.4379509023626440e+00 ]
E: !!opencv-matrix
   rows: 3
   cols: 3
   dt: d
   data: [ 4.2991388848198600e-02, -4.4350395894271024e+00,
       -7.5372521611759558e-01, 3.7526438073798221e+00,
       -4.7824561645729284e-02, 9.5859180488360689e+00,
       7.1371795950672390e-01, -9.2905067606489027e+00,
       1.5750381835354172e-02 ]
F: !!opencv-matrix
   rows: 3
   cols: 3
   dt: d
   data: [ -1.5971013104218115e-07, 1.6434524053627996e-05,
       4.3886000839477870e-04, -1.4087962329675510e-05,
       1.7908964491605385e-07, -3.2306575182582876e-02,
       -2.2296754424171950e-04, 3.0849125079874657e-02, 1. ]
